56310.99625403388 11.627009906716161 1.0722301171194077
56380.002611583965 9.916622026301456 1.5906650435562635
56413.004956339784 13.47645319296713 1.734850142392972
56476.00502679965 12.146968739248923 3.0957367852732083
56500.00350274027 12.558069480667731 1.7603912270260103
56529.000943606065 10.6666658795976 1.2903344282943503
56557.998166527635 14.10238583440362 0.9041695037979254
56603.994922935315 18.36886567517558 1.4169454528677907
56703.998643670966 8.136114795121577 0.3230704123270253
56740.00213240755 10.074704855159323 1.986864615014455
56799.00567223922 14.699089037757124 2.286541280169723
56844.00488055707 11.941221045551252 1.9335664484585362
56865.00351332403 13.277975907657742 1.4613223466972278
56893.00105399289 12.404485161667342 0.8581844782500792
56923.9980880713 14.549751115524161 1.218631616604856
56944.99633290282 16.627531167910078 0.8126778769261784
56990.994397611496 18.725983706768556 1.7020197317134793
57008.99458151106 19.36885236734727 0.5060031811939562
57043.99642272192 14.384219317665762 0.9846650521105758
57077.99948264677 7.798114035416082 1.0811234904467013
57107.00227953939 8.69275744136743 1.7240761474156403
57129.00406099714 12.900029614071059 2.00009987341094
57165.00567324801 15.274010386940956 2.2573550488445453
57192.005548386216 14.094187992065159 1.4867522826607282
57222.00410030194 10.798814653087854 0.8642576839122956
57282.998656637086 14.547564938456835 1.221066264660223
57304.99672232741 16.609092581829092 0.41507037785701967
57332.99496330375 19.578431296336692 1.2127643277559608
57367.99444067282 19.340977844339292 0.724251631725266
57395.99550522857 15.1485923661374 0.8059761082045703
57422.997550349115 9.745373318874663 0.47527034623921
57459.00101717236 7.480766151079878 0.9688159102021594
57485.00335468026 10.391080078629393 1.8835161268645335
57557.005541117964 11.788949103311646 4.12052314087495
57628.00059681389 11.432179566510198 0.7164904316960535
58106.9946071863 18.041745466186402 1.9045196685289245
58130.99576450649 15.847014436231678 0.8706035569975146
58158.99802858789 9.047524524434955 0.5562016270904444
58194.001428989424 7.071785903727872 0.7730686896608696
58215.00329372644 8.331793185929133 2.1973290463058484
